0.006368 0.025236
0.017085 0.014483
0.034648 0.026374
0.022935 0.033392
0.027512 0.026334
0.030867 0.023864
0.027726 0.036323
0.022065 0.021181
0.713877 0.023032
1.395325 0.581763
0.278353 0.965501
0.292948 -0.019418
0.147607 0.421688
0.166048 0.150831
0.105737 0.168827
0.055111 0.094517
0.109274 0.123748
0.076107 0.073419
0.064218 0.106284
0.105082 0.045349
0.052235 0.077439
0.156635 -0.003460
0.159947 0.200621
0.196895 0.076908
0.085172 0.276975
0.059314 0.196232
0.157480 0.108029
0.127708 0.160384
0.055585 0.102040
0.107029 0.062393
0.100739 0.117734
0.147682 0.074655
0.084313 0.131311
0.248587 0.059369
0.168007 0.217117
0.087905 0.100179
0.142200 0.093276
0.187830 0.141640
0.157678 0.161426
0.157362 0.125818
0.095165 0.147252
0.107391 0.075992
0.064130 0.118509
0.053943 0.062415
0.076424 0.068849
0.051596 0.067086
0.148909 0.063912
0.255077 0.136309
0.122772 0.192942
0.041256 0.090162
0.028801 0.069583
0.096742 0.055572
0.054703 0.103797
0.021909 0.051144
0.027850 0.053078
0.086239 0.046806
0.073439 0.083216
0.036250 0.057309
0.060442 0.033654
0.123716 0.056118
0.071913 0.109933
0.071708 0.046084
0.074746 0.084989
0.150938 0.083111
0.176944 0.133301
0.084421 0.123076
0.078194 0.061356
0.063766 0.081757
0.065085 0.064342
0.043566 0.057365
0.118720 0.040698
0.078249 0.110188
0.041058 0.055756
0.126602 0.042528
0.060607 0.116278
0.038785 0.042469
0.034826 0.044605
0.092644 0.051587
0.049783 0.083746
0.101999 0.044427
0.051034 0.110565
0.021466 0.037385
0.031111 0.031912
0.019286 0.041248
0.021817 0.028720
0.047135 0.017459
0.035051 0.062671
0.085591 0.027292
0.044430 0.076433
0.137091 0.033935
0.057331 0.122940
0.133686 0.022204
0.123270 0.126738
0.044937 0.086447
0.029958 0.043206
0.151544 0.044591
0.093703 0.142322
0.046052 0.040953
0.051993 0.052674
0.074265 0.050881
0.049546 0.069068
0.059212 0.027937
0.069797 0.071445
0.098205 0.052602
0.096893 0.086221
0.069716 0.084722
0.032996 0.061475
0.046907 0.037715
0.102732 0.066905
0.103835 0.084021
0.104051 0.075679
0.094680 0.093656
0.090660 0.084559
0.080173 0.074568
0.051859 0.068953
0.044955 0.050711
0.043501 0.048173
1.034965 0.047374
0.852857 0.833719
0.040467 0.444435
0.036715 -0.006935
0.034414 0.200439
0.082723 0.079099
0.024581 0.061604
0.024897 0.074867
0.014875 0.063560
0.058342 0.026193
0.150531 0.081084
0.054139 0.120577
0.037077 -0.026637
0.027983 0.079727
0.026158 0.059502
0.056371 0.032009
0.039069 0.177305
0.103701 0.107318
0.103734 0.089749
0.185595 0.070792
0.124553 0.146724
0.163937 0.077443
0.413221 0.135106
0.178933 0.319856
0.153153 0.074930
0.044213 0.158371
0.005919 0.064257
0.022417 0.037856
0.029047 0.036546
0.073852 0.046612
0.030846 0.055957
0.031759 0.030573
0.019400 0.040704
0.026513 0.027210
0.021213 0.026681
0.032535 0.051681
0.011665 0.037739
0.001041 0.036740
0.020989 0.050171
0.019715 0.038761
0.011972 0.029592
0.016369 0.009448
0.017842 0.020322
0.011135 0.013770
0.007553 0.013378
0.015034 0.014747
0.021374 0.017144
0.000514 0.017834
0.023807 0.002310
0.004725 0.026411
0.000694 0.000543
0.000000 0.008040
0.023005 0.002685
0.005177 0.020745
0.005929 -0.000716
0.008179 0.012294
0.008509 0.006674
0.019786 0.009038
0.015144 0.015660
0.003951 0.013083
0.064276 0.000933
0.022679 0.057847
0.016996 0.004239
0.011511 0.019529
0.004944 0.011846
0.003879 0.008761
0.007485 0.001686
0.002927 0.012103
0.018331 0.001776
0.048968 0.017934
0.000000 0.036037
0.002971 -0.007265
0.030171 0.008608
0.000000 0.031245
0.002454 -0.006560
0.015845 0.009134
0.010086 0.022756
0.017348 0.005853
0.006545 0.016430
0.015344 0.006304
0.002675 0.012506
0.011771 -0.000274
0.017170 0.016711
0.163761 0.009945
0.531172 0.130991
0.091532 0.389216
0.126647 -0.037878
0.023546 0.167625
0.026911 0.021928
0.017228 0.048154
0.025023 0.008490
0.049022 0.061106
0.041893 0.020156
0.069379 0.054742
0.024946 0.046505
0.006572 0.015663
0.015074 -0.011434
0.003208 0.054151
0.043081 -0.013029
0.019986 0.078805
0.008271 0.057514
0.019748 0.022488
0.010461 0.031383
0.066023 0.008772
0.008086 0.057547
0.024830 -0.006823
0.024187 0.036328
0.024354 0.021241
0.023435 0.025798
0.000000 0.023079
0.031061 0.004119
0.031222 0.030423
0.013132 0.022880
0.008098 0.007641
0.030253 0.016255
0.015143 0.025686
0.067754 0.011164
0.016401 0.058290
0.007638 0.000988
0.006590 0.022077
0.005293 0.007662
0.007885 0.013321
0.004423 0.003347
0.002770 0.012994
0.002294 0.002489
0.021215 0.005844
0.003185 0.019501
0.000000 0.002693
0.030122 0.000449
0.016810 0.032001
0.019094 0.007189
0.076159 0.019214
0.014526 0.069315
0.000749 -0.005225
0.002985 0.011783
0.062627 0.008653
0.000000 0.054043
0.000000 -0.019739
0.016979 0.019911
0.002760 0.011527
0.005626 0.001865
0.000000 0.007271
0.001826 0.005252
0.018543 -0.004018
0.005846 0.026161
0.008485 -0.000277
0.002089 0.012475
0.007877 0.007093
0.007234 0.017549
0.006261 -0.001631
0.001437 0.009473
0.015350 0.015126
0.025868 0.012807
0.012759 0.017805
0.024002 0.009441
0.013401 0.019156
0.021579 0.009760
0.018719 0.016019
0.003958 0.013281
0.017667 0.007689
0.010326 0.019330
0.015400 0.008537
0.011559 0.016492
0.013024 0.008491
0.026918 0.012838
0.014694 0.021004
0.004672 0.013078
0.006981 0.009932
0.003474 0.010478
0.013496 0.008223
0.005028 0.014166
0.003707 0.007689
0.000410 0.008702
0.011670 0.004303
0.009722 0.011747
0.022446 0.008096
0.017540 0.017724
0.147656 0.012439
0.046542 0.090422
0.033073 0.018615
0.009352 0.031802
0.025470 0.010893
0.006686 0.025896
0.003076 0.008383
0.026511 0.019152
0.029183 0.023504
0.005078 0.027277
0.003401 0.004763
0.028004 0.012449
0.079919 0.023836
0.005477 0.059703
0.013088 0.003923
0.008790 0.033352
0.028041 0.015571
0.002755 0.026514
0.005468 0.003604
0.002013 0.015951
0.002031 0.006444
0.009894 0.009795
0.026273 0.009360
0.024136 0.022370
0.029616 0.016617
0.007791 0.024245
0.011175 0.007277
0.002873 0.018759
0.013527 0.006065
0.020324 0.014604
0.002024 0.014771
0.000000 0.006792
0.000000 0.004952
0.013963 0.004473
0.006089 0.010998
0.000000 0.005820
0.003625 0.004912
0.001614 0.008262
0.000883 0.005270
0.003582 0.004689
0.003398 0.005177
0.004636 0.004418
0.009861 0.005100
0.005185 0.007555
0.000000 0.004605
0.018108 0.001716
0.012747 0.012857
0.053776 0.006294
0.007584 0.034109
0.019176 0.000963
0.003971 0.017488
0.024072 0.003037
0.002721 0.019159
0.012842 0.000917
0.022463 0.015711
0.006682 0.014836
0.007352 0.008304
0.008403 0.008173
0.012860 0.010973
0.010619 0.010709
0.002679 0.012472
0.000000 0.006062
0.098362 0.008646
0.003255 0.063798
0.021886 -0.006381
0.031137 0.024487
0.091232 0.022943
0.012642 0.057983
0.014286 0.001373
0.012092 0.025200
0.013882 0.013874
0.012924 0.018464
0.005550 0.012504
0.013997 0.012486
0.022112 0.016593
0.039104 0.024178
0.012008 0.026122
0.001716 0.016774
0.009108 0.010944
0.000985 0.016375
0.005481 0.007219
0.026940 0.015448
0.004773 0.022644
0.009732 0.005276
0.005803 0.012650
0.038025 0.007382
0.044499 0.026133
0.012511 0.025539
0.014648 0.011246
0.002075 0.016018
0.000000 0.009207
0.000000 0.005381
0.000351 0.004270
0.000000 0.005934
0.003728 0.005134
0.040529 0.007577
0.027451 0.028086
0.006172 0.014236
0.001776 0.008034
0.003143 0.007612
0.028013 0.008569
0.006736 0.022024
0.017177 0.005214
0.026587 0.015436
0.047519 0.018693
0.015040 0.029325
0.036423 0.006851
0.042981 0.028244
0.014485 0.027551
0.009666 0.012549
0.020194 0.015494
0.013553 0.021694
0.007531 0.011862
0.000483 0.012629
0.009257 0.007107
0.010340 0.014544
0.013218 0.012586
0.010740 0.014748
0.005429 0.011901
0.010815 0.012613
0.016249 0.012886
0.010520 0.015102
0.021748 0.011367
0.061682 0.017958
0.037602 0.038630
0.004522 0.020388
0.009886 0.007477
0.071945 0.014336
0.182703 0.046297
0.054714 0.103989
0.024451 0.021776
0.028317 0.032296
0.001956 0.032954
0.016277 0.010279
0.004377 0.020219
0.016718 0.018888
0.005133 0.025057
0.009222 0.021221
0.005041 0.021602
0.009265 0.012102
0.015427 0.017324
0.027927 0.020730
0.004160 0.028329
0.017048 0.020154
0.013789 0.023034
0.001023 0.011711
0.002757 0.005968
0.008519 0.005901
0.019868 0.010541
0.007588 0.013422
0.016981 0.008090
0.012724 0.013806
0.020496 0.009787
0.014824 0.015613
0.011586 0.011056
0.012679 0.011071
0.005078 0.012974
0.003477 0.007276
0.015682 0.006339
0.019296 0.014218
0.011635 0.013051
0.000000 0.009654
0.000000 0.004562
0.006223 0.006458
0.005769 0.007576
0.004169 0.007269
0.008170 0.006218
0.007074 0.009701
0.008103 0.007579
0.002991 0.007404
0.010931 0.004060
0.003884 0.009288
0.022870 0.003808
0.007885 0.017080
0.010317 0.005093
0.005104 0.009887
0.025978 0.004531
0.004869 0.017896
0.024198 0.001785
0.007200 0.019635
0.001537 0.004339
0.020772 0.006236
0.028855 0.015644
0.017281 0.018955
0.018454 0.010092
0.002575 0.017491
0.004881 0.004575
0.001574 0.009320
0.000000 0.005773
0.004060 0.004946
0.014658 0.006864
0.021190 0.015112
0.018886 0.013974
0.015234 0.014024
0.009122 0.012328
0.004685 0.008641
0.019006 0.007432
0.006215 0.016714
0.009600 0.005943
0.007252 0.011151
0.013630 0.007642
0.000662 0.011217
0.001565 0.001964
0.006848 0.005664
0.006706 0.007588
0.006942 0.007958
0.012947 0.008040
0.005527 0.011437
0.013100 0.005869
0.004587 0.011742
0.003793 0.003860
0.006706 0.005703
0.000215 0.007175
0.000593 0.002665
0.031208 0.003063
0.008542 0.021834
0.001922 0.002889
0.008074 0.004329
0.004852 0.008321
0.007566 0.004849
0.010677 0.006900
0.005888 0.009165
0.008107 0.005152
0.002242 0.008816
0.014578 0.003802
0.009676 0.010383
0.011074 0.006914
0.015699 0.009755
0.006269 0.010792
0.000391 0.006709
0.006376 0.004097
0.001263 0.007146
0.001533 0.002792
0.001801 0.004317
0.004844 0.004131
0.000000 0.005672
0.004798 0.002256
0.042050 0.005938
0.020561 0.026253
0.017303 0.009283
0.000710 0.013446
0.000492 0.002440
0.035440 0.005357
0.016525 0.024206
0.019476 0.007715
0.006276 0.014671
0.007117 0.007506
0.011485 0.009201
0.014402 0.008834
0.027857 0.012295
0.066005 0.019818
0.040266 0.042765
0.046530 0.023339
0.007329 0.033267
0.009540 0.008190
0.006960 0.015368
0.079655 0.010348
0.014845 0.056910
0.012153 0.006163
0.009569 0.021841
0.015035 0.014319
0.017872 0.017734
0.018566 0.016538
0.011591 0.019883
0.024997 0.016118
0.016975 0.028673
0.020226 0.018033
0.011782 0.017881
0.059101 0.014901
0.022485 0.043452
0.012770 0.011771
0.036222 0.018962
0.014849 0.030576
0.007763 0.012555
0.021834 0.011348
0.011005 0.020873
0.038360 0.012238
0.024930 0.031741
0.010062 0.018447
0.003061 0.011361
0.013676 0.011666
0.016577 0.018125
0.044224 0.013824
0.001794 0.035529
0.009852 0.004110
0.002496 0.016656
0.001853 0.007894
0.015364 0.008001
0.028999 0.013793
0.011096 0.022882
0.011455 0.009265
0.017133 0.014815
0.078029 0.015915
0.009513 0.050030
0.020259 -0.000418
0.011433 0.023187
0.006182 0.010897
0.011076 0.013547
0.016210 0.010556
0.022507 0.015394
0.012734 0.018020
0.006489 0.013409
0.020174 0.010558
0.007269 0.016793
0.015754 0.011223
0.009804 0.015535
0.008830 0.010961
0.011816 0.014715
0.013574 0.013369
0.014528 0.012511
0.009558 0.011522
0.019529 0.009745
0.013903 0.016412
0.007938 0.010266
0.005893 0.010159
0.012967 0.007688
0.009445 0.012668
0.025840 0.008543
0.008905 0.020115
0.005465 0.006168
0.000215 0.008773
0.002907 0.004413
0.014784 0.006393
0.006582 0.012387
0.018427 0.006864
0.005416 0.015460
0.023378 0.005059
0.059321 0.019735
0.040941 0.035135
0.042239 0.021864
0.022195 0.027707
0.033964 0.016340
0.004156 0.026938
0.011332 0.003760
0.007368 0.016798
0.021717 0.008038
0.020018 0.022815
0.006209 0.015838
0.013196 0.009732
0.014622 0.016995
0.018309 0.015307
0.000000 0.018341
0.010953 0.006144
0.009822 0.019391
0.008516 0.011235
0.011703 0.012006
0.004981 0.011026
0.021680 0.007241
0.056119 0.017826
0.008599 0.035568
0.032079 0.001841
0.037594 0.027852
0.039947 0.024652
0.007679 0.025584
0.010639 0.005632
0.010172 0.016807
0.007870 0.010135
0.013135 0.012323
0.014491 0.013160
0.012719 0.013035
0.006054 0.015942
0.020938 0.008764
0.021508 0.020093
0.009932 0.017336
0.014744 0.013197
0.019827 0.015072
0.059453 0.018224
0.020587 0.041296
0.025824 0.009525
0.012289 0.022783
0.020930 0.010322
0.010496 0.020410
0.016504 0.007752
0.009149 0.018272
0.024419 0.010055
0.011110 0.023271
0.015150 0.010248
0.015819 0.015149
0.015225 0.016659
0.014096 0.014363
0.022065 0.014830
0.016886 0.020664
0.019121 0.015686
0.015496 0.016888
0.009299 0.014209
0.005697 0.009591
0.016073 0.009659
0.012007 0.015204
0.013232 0.010451
0.032529 0.013378
0.010622 0.024850
0.007453 0.007052
0.014704 0.011313
0.013649 0.014204
0.011450 0.012208
0.010511 0.011052
0.019301 0.012229
0.033850 0.015945
0.011092 0.024109
0.010024 0.007587
0.008837 0.011216
0.008152 0.011486
0.002055 0.009843
0.010136 0.005235
0.010253 0.012966
0.005930 0.009748
0.001720 0.007704
0.017891 0.005097
0.010049 0.015067
0.003347 0.008283
0.004790 0.005878
0.007073 0.007847
0.006220 0.008227
0.011314 0.006842
0.008416 0.009216
0.006093 0.006670
0.000238 0.006150
0.003805 0.003063
0.036558 0.004747
0.031560 0.024493
0.011748 0.016136
0.009320 0.008206
0.021065 0.010411
0.017747 0.016897
0.012538 0.010609
0.002672 0.010444
0.009350 0.005397
0.010997 0.011332
0.009382 0.009813
0.010650 0.007959
0.007244 0.010492
0.064701 0.008811
0.009872 0.043719
0.024202 0.000890
0.005546 0.025639
0.007304 0.006550
0.030623 0.012565
0.010887 0.020402
0.009532 0.009843
0.012867 0.010535
0.009574 0.013872
0.010002 0.010663
0.022210 0.007147
0.056943 0.022425
0.015269 0.034597
0.006213 0.010450
0.004419 0.012566
0.015765 0.010842
0.013541 0.016261
0.022465 0.009726
0.013085 0.019329
0.010916 0.010647
0.005546 0.013462
0.007978 0.008100
0.012407 0.008771
0.026229 0.013806
0.011104 0.019629
0.048228 0.009943
0.030074 0.035256
0.012997 0.018114
0.014758 0.011917
0.010558 0.014984
0.016345 0.011473
0.041853 0.014484
0.008239 0.029880
0.012315 0.005928
0.024727 0.015125
0.013704 0.022251
0.039669 0.009106
0.012690 0.031400
0.017171 0.010478
0.011894 0.020062
0.006693 0.012696
0.006611 0.013059
0.005364 0.007716
0.003416 0.012496
0.014104 0.005674
0.015708 0.015241
0.017831 0.013929
0.014966 0.013472
0.010912 0.015091
0.030718 0.009461
0.009200 0.025163
0.005579 0.005690
0.022674 0.010709
0.006459 0.018053
0.011775 0.005489
0.025676 0.011097
0.022860 0.019359
0.009747 0.014427
0.019188 0.008664
0.009230 0.018897
0.003094 0.006587
0.008195 0.009121
0.013496 0.010372
0.005863 0.012171
0.015383 0.007116
0.006803 0.014889
0.004764 0.006332
0.005050 0.007232
0.000212 0.008186
0.004299 0.003523
0.002798 0.007354
0.000000 0.005243
0.004241 0.003864
0.023557 0.005055
0.008255 0.017511
0.011501 0.002455
0.021200 0.011536
0.007367 0.013826
0.006335 0.005372
0.004453 0.006633
0.006039 0.005524
0.006952 0.006068
0.025731 0.005470
0.026571 0.018789
0.011351 0.013137
0.022119 0.009251
0.010574 0.017130
0.015568 0.007603
0.029363 0.014112
0.008679 0.020492
0.016571 0.007097
0.009894 0.015001
0.040768 0.010055
0.013269 0.028607
0.013658 0.005290
0.013664 0.017536
0.003537 0.011005
0.006036 0.009603
0.015159 0.008545
0.004825 0.015452
0.020925 0.006769
0.013870 0.017942
0.012090 0.012813
0.024961 0.009055
0.009060 0.022417
0.008208 0.006096
0.012525 0.011584
0.008166 0.011992
0.013722 0.009466
0.007549 0.011088
0.043279 0.008619
0.004115 0.029293
0.006140 -0.000295
0.015294 0.012453
0.009637 0.012023
0.006215 0.010528
0.003645 0.005921
0.036175 0.008916
0.017726 0.026009
0.008578 0.008157
0.031558 0.012488
0.010745 0.020042
0.011490 0.010590
0.008044 0.010123
0.002146 0.010997
0.007470 0.005549
0.009344 0.009609
0.008102 0.011165
0.006046 0.005137
0.005332 0.009377
0.008743 0.007528
0.030089 0.008266
0.010011 0.022879
0.007399 0.005068
0.002212 0.011686
0.004582 0.004030
0.003258 0.008016
0.000632 0.003422
0.000000 0.004020
0.000959 0.002583
0.010325 0.003546
0.003150 0.009348
0.000864 0.000946
0.000000 0.005454
0.000210 0.001060
0.002215 0.004325
0.003038 0.002093
0.014956 0.004530
0.028165 0.010034
0.008079 0.016183
0.002714 0.002573
0.005620 0.003936
0.029290 0.005913
0.009507 0.018696
0.032194 0.002261
0.025362 0.024398
0.021671 0.012282
0.006986 0.016310
0.012503 0.004467
0.008870 0.013184
0.038033 0.007314
0.027519 0.028392
0.017260 0.016238
0.008592 0.013695
0.000000 0.012700
0.002082 0.003963
0.006305 0.008910
0.057445 0.007942
0.006886 0.042559
0.004429 -0.002203
0.000331 0.016870
0.008292 0.002007
0.012146 0.014315
0.014541 0.006790
0.014779 0.016177
0.059044 0.010996
0.037791 0.041147
0.082083 0.019683
0.048986 0.050845
0.017841 0.027583
0.274667 0.015132
0.075679 0.180796
0.064176 0.003695
0.008876 0.069240
0.011698 0.010241
0.008494 0.037805
0.028662 0.001350
0.002049 0.049717
0.003919 0.001064
0.001023 0.029545
0.006661 0.025370
0.019450 0.004483
0.049487 0.045890
0.008691 0.031077
0.020018 0.028826
0.081012 0.023000
0.060742 0.066829
0.009716 0.029912
0.001172 0.012069
0.039436 0.011360
0.005115 0.033142
0.035323 0.000133
0.026805 0.033964
0.028807 0.014016
0.045751 0.028255
0.014272 0.031522
0.108885 0.013479
0.026493 0.077194
0.005476 0.009424
0.014471 0.024469
0.003343 0.016869
0.008884 0.019193
0.012138 0.006836
0.007468 0.021952
0.001227 0.008877
0.020318 0.008757
0.005572 0.027410
0.023907 -0.000847
0.009032 0.032331
0.017348 0.005075
0.056260 0.023587
0.026681 0.036327
0.004395 0.015587
0.008066 0.007920
0.036348 0.011656
0.036675 0.027055
0.053138 0.018060
0.007954 0.037706
0.040768 0.001889
0.063089 0.038495
0.005097 0.036823
0.038440 0.003483
0.010078 0.036618
0.028542 0.010171
0.005352 0.029969
0.004584 0.005095
0.007406 0.018752
0.007718 0.006764
0.013739 0.019569
0.019999 0.011496
0.012425 0.020193
0.042904 0.015987
0.025778 0.029928
0.020601 0.021037
0.021825 0.014809
0.025613 0.022241
0.019281 0.018367
0.014874 0.014987
0.000912 0.014083
0.004011 0.005135
0.004302 0.008968
0.009873 0.008744
0.017490 0.009211
0.005651 0.016673
0.016166 0.006638
0.012956 0.017640
0.017555 0.010675
0.008736 0.016431
0.048081 0.007488
0.003617 0.035691
0.054151 -0.002752
0.056133 0.042881
0.016841 0.026553
0.008890 0.011812
0.025622 0.011025
0.013834 0.023466
0.028279 0.009380
0.033582 0.023138
0.015538 0.025815
0.004953 0.009277
0.008623 0.016503
0.006327 0.009738
0.002619 0.012714
0.004762 0.008711
0.000322 0.013037
0.000101 0.006074
0.001526 0.008759
0.015139 0.005871
0.001322 0.013854
0.032317 0.002240
0.008096 0.025904
0.005100 0.002519
0.010938 0.009442
0.004258 0.008528
0.002378 0.005184
0.009619 0.002364
0.011600 0.009110
0.007601 0.007611
0.015647 0.004237
0.026507 0.013935
0.006099 0.013170
0.018235 0.006099
0.015371 0.014371
0.024550 0.011221
0.017888 0.017416
0.004514 0.011169
0.007366 0.006612
0.007318 0.007890
0.009252 0.008581
0.018114 0.008324
0.011052 0.013069
0.007420 0.010408
0.009636 0.007197
0.012208 0.011839
0.011516 0.009398
0.022510 0.010692
0.000407 0.017415
0.000145 0.002662
0.008670 0.007512
0.004844 0.008535
0.016611 0.004938
0.003471 0.013494
0.009569 0.004223
0.001444 0.011581
0.001825 0.002901
0.008605 0.008048
0.005812 0.005320
0.005095 0.009506
0.013409 0.004267
0.009143 0.012688
0.014939 0.006583
0.029416 0.009911
0.024877 0.019009
0.003718 0.011544
0.021943 0.005328
0.008018 0.018131
0.003897 0.005298
0.009987 0.007516
0.014762 0.010051
0.012411 0.012152
0.029372 0.010182
0.012970 0.022128
0.010251 0.006738
0.002873 0.012256
0.010562 0.007365
0.024639 0.011185
0.019083 0.019086
0.012866 0.013189
0.017166 0.011730
0.014138 0.015369
0.049004 0.012156
0.032698 0.031215
0.033290 0.017155
0.056801 0.023810
0.003796 0.038570
0.016274 0.003131
0.035543 0.021390
0.004822 0.027355
0.005262 0.006119
0.004484 0.014271
0.007718 0.013822
0.001517 0.009780
0.002179 0.011814
0.007886 0.007188
0.010407 0.009405
0.007889 0.016963
0.016762 0.006804
0.004146 0.016234
0.002552 0.005621
0.036391 0.006439
0.016822 0.025077
0.006727 0.005759
0.010724 0.008572
0.019159 0.009711
0.050647 0.013895
0.042990 0.029638
0.034542 0.021834
0.060432 0.019443
0.019604 0.040793
0.005206 0.011223
0.008512 0.010602
0.141500 0.015412
0.017748 0.089421
0.039336 -0.005865
0.001439 0.046700
0.022983 0.001901
0.000000 0.037370
0.014079 0.000338
0.008105 0.025743
0.043385 0.008719
0.015199 0.045737
0.122802 0.013027
0.049798 0.071517
0.022413 0.026902
0.019144 0.017019
0.013797 0.029398
0.019201 0.017131
0.017876 0.024083
0.003091 0.019603
0.015212 0.010616
0.026811 0.020624
0.040127 0.028632
0.008410 0.017489
0.016405 0.015944
0.016060 0.016230
0.015837 0.020693
0.002763 0.017793
0.003994 0.008508
0.010227 0.011823
0.009462 0.011844
0.027737 0.011069
0.008806 0.019649
0.005109 0.004322
0.003258 0.011036
0.007493 0.004905
0.000618 0.011226
0.004119 0.001607
0.013384 0.009322
0.009252 0.009275
0.001901 0.008215
0.014825 0.003584
0.007868 0.010420
0.001194 0.005706
0.002812 0.002563
0.000647 0.006376
0.000000 0.003915
0.000000 0.004694
0.002676 0.002276
0.008852 0.003070
0.021898 0.007637
0.027471 0.014140
0.003931 0.012083
0.009308 0.002614
0.000827 0.009207
0.058483 0.002073
0.015045 0.036606
0.007687 -0.006939
0.009110 0.003117
0.015848 0.013267
0.012926 0.013184
0.012861 0.008771
0.002341 0.012930
0.015296 0.008453
0.059065 0.010211
0.009290 0.030645
0.007241 0.015123
0.011291 0.013455
0.001024 0.010899
0.002534 0.008413
0.005431 0.007937
0.004567 0.008280
0.010540 0.005998
0.009382 0.009629
0.004399 0.009441
0.001767 0.005840
0.007638 0.007750
0.007960 0.004680
0.016300 0.009048
0.005628 0.014405
0.007149 0.005858
0.013946 0.006013
0.008266 0.008997
0.004741 0.006271
0.009808 0.005161
0.041026 0.007337
0.213850 0.017871
0.034491 0.079635
0.019480 0.042158
0.028383 0.015419
0.010475 0.029062
0.091439 0.019665
0.009368 0.038070
0.035212 0.029312
0.054348 0.028790
0.047989 0.038507
0.032217 0.036683
0.038741 0.021402
0.043564 0.042880
0.005662 0.032316
0.008257 0.031270
0.007258 0.035344
0.000242 0.014800
0.000197 0.019407
0.015293 0.007330
0.033777 0.017508
0.054641 0.028738
0.011156 0.027880
0.008709 0.019315
0.014214 0.016124
0.037201 0.018241
0.023992 0.021275
0.032031 0.020364
0.022104 0.022786
0.015712 0.018613
0.015426 0.015408
0.001398 0.013459
0.016372 0.009630
0.010682 0.015001
0.043133 0.013602
0.010999 0.025389
0.025211 0.018333
0.008581 0.016566
0.067132 0.012641
0.024918 0.031660
0.012781 0.024934
0.026424 0.015401
0.044975 0.021763
0.048349 0.028324
0.030417 0.028079
0.020746 0.022328
0.023326 0.023122
0.025198 0.021464
0.018901 0.024749
0.020035 0.019185
0.044993 0.023739
0.015823 0.031167
0.011694 0.024555
0.001195 0.020701
0.010842 0.015568
0.003913 0.018351
0.000735 0.013465
0.002223 0.010479
0.003880 0.011766
0.020302 0.009077
0.005528 0.012701
0.014796 0.010017
0.005484 0.013570
0.017815 0.010689
0.006689 0.012502
0.014655 0.010351
0.022091 0.009332
0.002324 0.012437
0.007109 0.006754
0.007611 0.007623
0.013175 0.007896
0.007521 0.009829
0.019957 0.006529
0.048210 0.011282
0.013796 0.020619
0.003717 0.014779
0.015251 0.011006
0.002962 0.015177
0.007928 0.012640
0.005945 0.006526
0.094140 0.008273
0.268149 0.031068
0.018800 0.093447
0.033967 0.040010
0.013692 0.038090
0.027474 0.051125
0.014927 0.039019
0.040062 0.014956
0.049636 0.033929
0.023941 0.044013
0.026046 0.016962
0.025543 0.031992
0.013612 0.032738
0.019766 0.038499
0.051407 0.024755
0.027947 0.046039
0.083962 0.042864
0.026458 0.039037
0.027433 0.032366
0.119044 0.026833
0.047751 0.054132
0.043317 0.043914
0.039975 0.037553
0.024844 0.041004
0.049930 0.039306
0.028081 0.032893
0.042867 0.033494
0.069908 0.038994
0.030774 0.043051
0.046121 0.040452
0.039757 0.038523
0.023918 0.046364
0.014973 0.036910
0.013572 0.027834
0.036995 0.035069
0.026153 0.032851
0.018236 0.026727
0.032965 0.025626
0.047967 0.027979
0.033230 0.035822
0.046308 0.029339
0.015784 0.034047
0.018331 0.031915
0.014508 0.023948
0.016230 0.022644
0.010915 0.022046
0.041838 0.017955
0.037853 0.023810
0.017044 0.027132
0.036633 0.021480
0.010443 0.027341
0.002830 0.022326
0.016722 0.017523
0.014257 0.019128
0.013187 0.019888
0.022218 0.016102
0.030775 0.015342
0.006363 0.021679
0.030347 0.013972
0.007363 0.019384
0.003130 0.016417
0.010771 0.014501
0.008201 0.013465
0.011952 0.012395
0.025405 0.013098
0.038266 0.013009
0.017500 0.020367
0.005943 0.015675
0.019559 0.013144
0.036076 0.016613
0.023842 0.022052
0.010802 0.018912
0.009534 0.013581
0.001496 0.016427
0.017908 0.010635
0.114115 0.012115
0.084975 0.039864
0.007434 0.042681
0.019326 0.022241
0.038446 0.026463
0.011510 0.036771
0.013602 0.021700
0.012447 0.016974
0.005236 0.024281
0.004734 0.018492
0.041966 0.012489
0.013629 0.024581
0.057798 0.019211
0.044285 0.029127
0.114760 0.031451
0.038253 0.058675
0.011541 0.039357
0.031810 0.024461
0.075376 0.032041
0.045664 0.043013
0.114534 0.034374
0.025337 0.050897
0.066127 0.042873
0.076752 0.043191
0.053556 0.054369
0.044260 0.052653
0.050468 0.046660
0.016315 0.050580
0.015736 0.046022
0.027565 0.034549
0.016343 0.036674
0.034748 0.029866
0.033490 0.033685
0.008883 0.037867
0.026080 0.028465
0.043716 0.032713
0.024906 0.032507
0.038060 0.031385
0.046081 0.031143
0.028487 0.034523
0.012563 0.029527
0.038924 0.022657
0.060893 0.027591
0.026466 0.035992
0.064199 0.027477
0.050687 0.037125
0.055138 0.039258
0.183160 0.040487
0.055430 0.075140
0.070474 0.056722
0.024087 0.059464
0.008637 0.045741
0.030516 0.044351
0.032490 0.037279
0.035813 0.035278
0.024826 0.041999
0.029475 0.030687
0.013211 0.041755
0.013938 0.028377
0.032149 0.033689
0.078574 0.033622
0.018243 0.047927
0.018020 0.040064
0.013269 0.024347
0.012940 0.024823
0.012821 0.022299
0.011518 0.017817
0.022394 0.016854
0.052268 0.021887
0.030462 0.026703
0.035366 0.025574
0.067759 0.025550
0.038749 0.037516
0.035089 0.034734
0.016075 0.031144
0.013788 0.027208
0.043589 0.023801
0.111159 0.027719
0.052518 0.049546
0.046681 0.041565
0.028207 0.037633
0.059088 0.036308
0.068754 0.046614
0.070602 0.050524
0.068388 0.049748
0.062024 0.053369
0.046902 0.051176
0.027869 0.048738
0.049320 0.040091
0.020347 0.047666
0.021332 0.039483
0.057343 0.036061
0.122319 0.046433
0.021431 0.065037
0.027002 0.042436
0.051856 0.036695
0.055297 0.050033
0.072995 0.052543
0.015673 0.052536
0.027453 0.035656
0.038922 0.040872
0.026485 0.036084
0.114949 0.035045
0.066468 0.057070
0.029535 0.049961
0.016071 0.044397
0.022634 0.034889
0.034891 0.045324
0.017179 0.035785
0.033112 0.026729
0.044472 0.036324
0.030194 0.034089
0.038953 0.035068
0.026673 0.031199
0.013026 0.032054
0.051120 0.029900
0.008316 0.034841
0.102260 0.031696
0.030755 0.046584
0.066338 0.031069
0.039304 0.041289
0.025637 0.035279
0.014283 0.036202
0.029315 0.029491
0.046632 0.028319
0.109023 0.042068
0.051523 0.047246
0.034767 0.049294
0.028483 0.036260
0.025827 0.035874
0.043143 0.041521
0.101399 0.038130
0.080015 0.059405
0.247981 0.055554
0.106651 0.101090
0.080313 0.086700
0.415903 0.069786
0.171989 0.166052
0.136144 0.158976
0.153663 0.164561
0.282710 0.121557
