0.006368 0.034719
0.017085 0.063432
0.034648 0.034104
0.022935 0.005654
0.027512 -0.122793
0.030867 0.168003
0.027726 0.119735
0.022065 0.053981
0.713877 0.000848
1.395325 -0.254640
0.278353 0.283296
0.292948 0.207174
0.147607 2.358936
0.166048 -0.726405
0.105737 0.035265
0.055111 0.152788
0.109274 0.020609
0.076107 0.083828
0.064218 -0.000881
0.105082 0.053389
0.052235 0.175795
0.156635 -0.005343
0.159947 0.101522
0.196895 -0.128757
0.085172 0.206636
0.059314 0.142604
0.157480 0.176325
0.127708 0.055612
0.055585 0.159599
0.107029 -0.025651
0.100739 0.182340
0.147682 -0.013449
0.084313 0.205792
0.248587 0.025243
0.168007 0.375037
0.087905 0.080451
0.142200 0.153751
0.187830 -0.214432
0.157678 0.095098
0.157362 0.150739
0.095165 0.102577
0.107391 0.141760
0.064130 0.263780
0.053943 -0.050133
0.076424 0.209761
0.051596 0.242937
0.148909 0.023160
0.255077 0.150566
0.122772 -0.008683
0.041256 0.064300
0.028801 0.104098
0.096742 0.061340
0.054703 0.014093
0.021909 0.107763
0.027850 0.152442
0.086239 -0.064882
0.073439 0.094709
0.036250 0.070254
0.060442 0.022476
0.123716 0.112727
0.071913 -0.017985
0.071708 -0.071467
0.074746 0.208179
0.150938 0.096284
0.176944 0.163482
0.084421 0.202400
0.078194 -0.046816
0.063766 0.082409
0.065085 0.208951
0.043566 0.135289
0.118720 0.058946
0.078249 0.121504
0.041058 0.146934
0.126602 0.070574
0.060607 0.020310
0.038785 0.046881
0.034826 0.079478
0.092644 0.118665
0.049783 0.057258
0.101999 0.098226
0.051034 0.089570
0.021466 0.086587
0.031111 0.029296
0.019286 0.111066
0.021817 0.073075
0.047135 0.195394
0.035051 0.088507
0.085591 0.126945
0.044430 0.252508
0.137091 -0.083792
0.057331 0.001928
0.133686 0.120107
0.123270 0.144371
0.044937 0.175595
0.029958 0.019906
0.151544 0.024247
0.093703 -0.028675
0.046052 -0.014080
0.051993 -0.018654
0.074265 0.195465
0.049546 0.135250
0.059212 0.116281
0.069797 0.137782
0.098205 -0.042491
0.096893 -0.083081
0.069716 0.146383
0.032996 0.006139
0.046907 -0.061495
0.102732 0.043005
0.103835 0.178248
0.104051 0.031855
0.094680 0.044141
0.090660 0.038802
0.080173 0.192522
0.051859 0.106385
0.044955 0.106411
0.043501 0.011917
1.034965 0.002036
0.852857 0.823722
0.040467 0.130031
0.036715 0.040221
0.034414 0.213198
0.082723 0.021129
0.024581 0.089323
0.024897 0.112825
0.014875 0.076037
0.058342 0.142773
0.150531 0.107201
0.054139 0.035315
0.037077 0.092579
0.027983 -0.049328
0.026158 -0.017746
0.056371 0.115200
0.039069 -0.029342
0.103701 0.054490
0.103734 -0.183743
0.185595 0.241816
0.124553 0.104673
0.163937 0.057899
0.413221 0.163431
0.178933 0.057808
0.153153 0.307604
0.044213 0.120767
0.005919 0.055165
0.022417 0.123162
0.029047 -0.008650
0.073852 0.041293
0.030846 0.072840
0.031759 0.088398
0.019400 0.117550
0.026513 0.094338
0.021213 0.062567
0.032535 0.114490
0.011665 0.075783
0.001041 0.095436
0.020989 0.050479
0.019715 0.118098
0.011972 -0.011836
0.016369 0.043839
0.017842 0.060031
0.011135 0.166507
0.007553 0.030360
0.015034 0.127410
0.021374 -0.006449
0.000514 0.083433
0.023807 0.049781
0.004725 0.027960
0.000694 0.096231
0.000000 -0.037491
0.023005 -0.020085
0.005177 0.098962
0.005929 0.023876
0.008179 -0.038671
0.008509 0.079753
0.019786 0.083600
0.015144 0.048928
0.003951 0.056719
0.064276 0.059614
0.022679 0.048233
0.016996 0.059549
0.011511 0.110276
0.004944 0.093146
0.003879 0.017754
0.007485 0.104613
0.002927 0.203097
0.018331 0.069034
0.048968 0.094552
0.000000 0.155645
0.002971 -0.002553
0.030171 -0.028384
0.000000 -0.000752
0.002454 0.003480
0.015845 0.036931
0.010086 0.026810
0.017348 0.058369
0.006545 -0.016726
0.015344 -0.001608
0.002675 0.054679
0.011771 -0.000331
0.017170 0.114237
0.163761 -0.059480
0.531172 0.181797
0.091532 0.377602
0.126647 0.746651
0.023546 -0.258298
0.026911 0.051452
0.017228 -0.013561
0.025023 0.149858
0.049022 0.096252
0.041893 0.112369
0.069379 0.029668
0.024946 0.065128
0.006572 0.045753
0.015074 0.064380
0.003208 0.042761
0.043081 0.149650
0.019986 -0.043058
0.008271 -0.006948
0.019748 0.045811
0.010461 0.040938
0.066023 0.044202
0.008086 0.095029
0.024830 0.049097
0.024187 -0.000358
0.024354 0.007089
0.023435 -0.042218
0.000000 0.075977
0.031061 0.021969
0.031222 0.083268
0.013132 0.098752
0.008098 0.180066
0.030253 0.035535
0.015143 0.142515
0.067754 0.029913
0.016401 0.104695
0.007638 0.137859
0.006590 0.069401
0.005293 0.098377
0.007885 0.056211
0.004423 -0.084299
0.002770 0.066243
0.002294 -0.014763
0.021215 0.011240
0.003185 0.120655
0.000000 0.071664
0.030122 -0.001137
0.016810 0.012663
0.019094 0.032121
0.076159 -0.023838
0.014526 -0.109209
0.000749 0.097129
0.002985 -0.013615
0.062627 0.059869
0.000000 0.118661
0.000000 -0.026434
0.016979 0.116137
0.002760 0.046218
0.005626 0.180257
0.000000 0.193776
0.001826 -0.003512
0.018543 0.094943
0.005846 0.029648
0.008485 0.002960
0.002089 0.031477
0.007877 -0.139160
0.007234 0.027316
0.006261 -0.151882
0.001437 -0.024237
0.015350 0.012641
0.025868 0.059353
0.012759 -0.061607
0.024002 0.050815
0.013401 -0.014616
0.021579 0.010511
0.018719 0.071153
0.003958 0.071567
0.017667 0.033483
0.010326 0.042180
0.015400 0.055215
0.011559 0.029525
0.013024 0.010594
0.026918 0.013493
0.014694 0.063927
0.004672 0.033339
0.006981 0.044188
0.003474 0.019925
0.013496 0.055019
0.005028 0.050023
0.003707 0.011461
0.000410 0.032814
0.011670 0.032239
0.009722 0.053411
0.022446 0.029363
0.017540 0.053691
0.147656 -0.004057
0.046542 0.101664
0.033073 0.036528
0.009352 0.078888
0.025470 0.040768
0.006686 0.073369
0.003076 0.050295
0.026511 0.018748
0.029183 0.075657
0.005078 0.058563
0.003401 0.005559
0.028004 0.004548
0.079919 0.074516
0.005477 0.041036
0.013088 0.032925
0.008790 0.011227
0.028041 0.074677
0.002755 0.039830
0.005468 0.075905
0.002013 0.053686
0.002031 0.027830
0.009894 0.007363
0.026273 0.068301
0.024136 0.089316
0.029616 0.077561
0.007791 0.058209
0.011175 -0.018777
0.002873 0.035138
0.013527 0.013113
0.020324 0.014565
0.002024 0.015888
0.000000 0.020338
0.000000 0.041032
0.013963 0.004323
0.006089 0.094489
0.000000 0.044644
0.003625 0.021367
0.001614 0.023036
0.000883 0.018865
0.003582 -0.019652
0.003398 0.046264
0.004636 -0.005848
0.009861 0.035928
0.005185 0.028521
0.000000 0.029434
0.018108 0.000623
0.012747 -0.119293
0.053776 0.042230
0.007584 0.097156
0.019176 0.044290
0.003971 0.020989
0.024072 0.532217
0.002721 -0.018321
0.012842 0.028254
0.022463 0.031403
0.006682 0.073785
0.007352 0.023347
0.008403 0.008579
0.012860 -0.040497
0.010619 0.051060
0.002679 0.000331
0.000000 0.036770
0.098362 0.023561
0.003255 0.046495
0.021886 0.024302
0.031137 0.018441
0.091232 0.011942
0.012642 0.056328
0.014286 0.143753
0.012092 0.008374
0.013882 0.001856
0.012924 0.015658
0.005550 0.010492
0.013997 0.069901
0.022112 0.042319
0.039104 0.054761
0.012008 0.054001
0.001716 0.003469
0.009108 0.016506
0.000985 0.020685
0.005481 0.027858
0.026940 -0.014732
0.004773 0.030025
0.009732 0.021363
0.005803 0.008163
0.038025 0.015815
0.044499 0.002763
0.012511 0.040739
0.014648 -0.043012
0.002075 0.045278
0.000000 0.014291
0.000000 0.083693
0.000351 0.002561
0.000000 0.057193
0.003728 0.051280
0.040529 0.041846
0.027451 -0.175902
0.006172 -0.146215
0.001776 0.033537
0.003143 0.039851
0.028013 0.017947
0.006736 -0.098367
0.017177 0.006431
0.026587 -0.001195
0.047519 0.062900
0.015040 0.066772
0.036423 0.056077
0.042981 0.107638
0.014485 0.027667
0.009666 0.101538
0.020194 -0.041542
0.013553 0.054305
0.007531 0.057639
0.000483 -0.040544
0.009257 -0.021329
0.010340 0.050819
0.013218 -0.003520
0.010740 -0.011082
0.005429 0.012848
0.010815 -0.009532
0.016249 0.035533
0.010520 -0.008933
0.021748 0.007169
0.061682 0.028147
0.037602 0.049396
0.004522 0.081564
0.009886 0.031963
0.071945 0.018362
0.182703 0.046082
0.054714 0.101521
0.024451 0.170903
0.028317 0.072370
0.001956 0.066210
0.016277 0.036081
0.004377 0.041924
0.016718 0.072182
0.005133 0.044605
0.009222 0.060036
0.005041 0.030522
0.009265 0.024723
0.015427 0.016933
0.027927 0.061773
0.004160 0.035748
0.017048 0.001200
0.013789 0.068683
0.001023 0.033755
0.002757 -0.041942
0.008519 0.076693
0.019868 0.062423
0.007588 0.009046
0.016981 0.066301
0.012724 0.040548
0.020496 -0.000428
0.014824 -0.013185
0.011586 0.041004
0.012679 0.091287
0.005078 0.054120
0.003477 0.034843
0.015682 0.004012
0.019296 0.041793
0.011635 0.044835
0.000000 0.049557
0.000000 0.012202
0.006223 0.016531
0.005769 0.022304
0.004169 0.025780
0.008170 0.038132
0.007074 -0.009657
0.008103 0.018318
0.002991 0.002389
0.010931 0.012242
0.003884 0.024928
0.022870 -0.013311
0.007885 0.034819
0.010317 0.057027
0.005104 0.033943
0.025978 0.010473
0.004869 0.014302
0.024198 0.019165
0.007200 0.028393
0.001537 0.010534
0.020772 0.035826
0.028855 0.001173
0.017281 -0.007381
0.018454 0.036337
0.002575 -0.031722
0.004881 0.025977
0.001574 0.060541
0.000000 0.006900
0.004060 -0.024729
0.014658 0.020467
0.021190 -0.006343
0.018886 0.020427
0.015234 0.079321
0.009122 -0.030997
0.004685 0.040791
0.019006 0.042092
0.006215 0.071892
0.009600 0.058027
0.007252 0.096080
0.013630 0.057873
0.000662 0.070227
0.001565 0.046690
0.006848 0.047591
0.006706 0.065869
0.006942 0.038911
0.012947 0.008269
0.005527 0.037996
0.013100 0.052497
0.004587 0.021819
0.003793 0.051620
0.006706 0.001030
0.000215 0.025924
0.000593 0.004603
0.031208 0.006388
0.008542 0.002648
0.001922 0.072233
0.008074 0.038192
0.004852 -0.000274
0.007566 0.057526
0.010677 0.032041
0.005888 0.029853
0.008107 -0.011103
0.002242 0.000057
0.014578 0.016826
0.009676 0.043134
0.011074 0.025977
0.015699 0.020011
0.006269 0.017107
0.000391 0.003756
0.006376 0.005209
0.001263 0.016456
0.001533 0.018260
0.001801 -0.009524
0.004844 0.003386
0.000000 0.001696
0.004798 0.004154
0.042050 0.003195
0.020561 0.043852
0.017303 0.041217
0.000710 0.040572
0.000492 0.000005
0.035440 0.016140
0.016525 0.073503
0.019476 0.013843
0.006276 0.042245
0.007117 0.018949
0.011485 0.047706
0.014402 0.072314
0.027857 0.062393
0.066005 0.026248
0.040266 0.062556
0.046530 0.049567
0.007329 0.051482
0.009540 -0.020533
0.006960 0.032354
0.079655 0.006263
0.014845 0.045845
0.012153 0.010659
0.009569 0.024043
0.015035 -0.013943
0.017872 0.022830
0.018566 0.049661
0.011591 0.044345
0.024997 0.010780
0.016975 0.030290
0.020226 0.037840
0.011782 0.012445
0.059101 0.055459
0.022485 0.013931
0.012770 0.104357
0.036222 0.068813
0.014849 0.057099
0.007763 -0.006762
0.021834 0.016403
0.011005 0.103431
0.038360 0.039462
0.024930 0.042091
0.010062 0.032365
0.003061 0.009818
0.013676 0.019585
0.016577 0.054489
0.044224 0.006749
0.001794 0.032038
0.009852 0.039201
0.002496 0.048206
0.001853 0.011657
0.015364 -0.002407
0.028999 0.041266
0.011096 0.023753
0.011455 0.072348
0.017133 -0.007210
0.078029 0.064812
0.009513 0.064252
0.020259 0.045899
0.011433 0.035811
0.006182 0.042840
0.011076 0.014162
0.016210 0.070525
0.022507 0.030162
0.012734 0.007289
0.006489 0.022429
0.020174 -0.001373
0.007269 0.036765
0.015754 0.032306
0.009804 0.041642
0.008830 0.029452
0.011816 0.009485
0.013574 0.017942
0.014528 0.060794
0.009558 -0.021850
0.019529 0.009728
0.013903 0.050828
0.007938 -0.001508
0.005893 0.037809
0.012967 -0.022396
0.009445 0.040642
0.025840 0.046734
0.008905 0.015598
0.005465 0.008603
0.000215 0.015038
0.002907 0.015610
0.014784 0.053977
0.006582 0.007609
0.018427 0.028784
0.005416 0.014607
0.023378 0.039966
0.059321 0.068632
0.040941 0.094092
0.042239 0.009090
0.022195 0.047430
0.033964 0.052753
0.004156 0.028125
0.011332 -0.021667
0.007368 0.048142
0.021717 0.003695
0.020018 0.047412
0.006209 0.032969
0.013196 0.047404
0.014622 0.086763
0.018309 0.025292
0.000000 0.072371
0.010953 0.016129
0.009822 0.036464
0.008516 0.030420
0.011703 0.043474
0.004981 -0.009303
0.021680 0.042383
0.056119 0.015442
0.008599 0.026079
0.032079 -0.011234
0.037594 0.052964
0.039947 0.035192
0.007679 0.034436
0.010639 0.059140
0.010172 0.023043
0.007870 0.049066
0.013135 0.010766
0.014491 0.051209
0.012719 0.037031
0.006054 0.057597
0.020938 0.016017
0.021508 0.015782
0.009932 0.071737
0.014744 0.040571
0.019827 0.079533
0.059453 0.036923
0.020587 0.149163
0.025824 0.017053
0.012289 -0.024157
0.020930 -0.035244
0.010496 -0.033268
0.016504 0.007093
0.009149 0.029368
0.024419 -0.009866
0.011110 0.009775
0.015150 0.030240
0.015819 0.033582
0.015225 0.016284
0.014096 0.006829
0.022065 0.009054
0.016886 0.016134
0.019121 0.006614
0.015496 0.070917
0.009299 0.064662
0.005697 -0.006228
0.016073 0.044272
0.012007 0.069637
0.013232 0.012069
0.032529 0.044481
0.010622 0.070378
0.007453 0.010000
0.014704 0.036173
0.013649 0.043712
0.011450 0.006825
0.010511 0.037145
0.019301 0.048911
0.033850 0.013612
0.011092 0.005563
0.010024 0.051306
0.008837 0.007524
0.008152 0.029786
0.002055 -0.020799
0.010136 0.015521
0.010253 0.016793
0.005930 -0.001932
0.001720 0.022151
0.017891 0.000481
0.010049 0.027233
0.003347 0.042401
0.004790 0.027174
0.007073 0.019152
0.006220 0.050004
0.011314 0.026996
0.008416 0.031798
0.006093 0.037009
0.000238 0.020831
0.003805 0.025241
0.036558 0.030289
0.031560 0.028307
0.011748 0.000558
0.009320 -0.018705
0.021065 0.044428
0.017747 -0.008634
0.012538 0.063039
0.002672 0.044378
0.009350 -0.005104
0.010997 0.021313
0.009382 0.000418
0.010650 0.013956
0.007244 0.043108
0.064701 0.016113
0.009872 0.121070
0.024202 0.013332
0.005546 0.106325
0.007304 -0.012454
0.030623 0.160139
0.010887 0.021498
0.009532 0.020330
0.012867 0.017085
0.009574 0.022930
0.010002 0.030368
0.022210 0.057449
0.056943 0.066246
0.015269 0.034101
0.006213 0.005706
0.004419 0.034600
0.015765 0.023841
0.013541 0.030129
0.022465 0.046605
0.013085 -0.200990
0.010916 0.055373
0.005546 0.049722
0.007978 -0.037385
0.012407 0.050054
0.026229 0.023162
0.011104 0.054192
0.048228 0.033082
0.030074 0.031813
0.012997 0.029094
0.014758 0.027022
0.010558 -0.002015
0.016345 0.054866
0.041853 0.064551
0.008239 0.049040
0.012315 0.023527
0.024727 0.050684
0.013704 0.061899
0.039669 0.026688
0.012690 0.034555
0.017171 0.047727
0.011894 0.008511
0.006693 0.035017
0.006611 -0.001707
0.005364 0.030901
0.003416 0.017137
0.014104 0.046615
0.015708 -0.014095
0.017831 -0.009840
0.014966 -0.003721
0.010912 0.031002
0.030718 0.005029
0.009200 0.049238
0.005579 0.022721
0.022674 0.042715
0.006459 0.030891
0.011775 -0.007923
0.025676 0.034947
0.022860 -0.061721
0.009747 0.044948
0.019188 0.040587
0.009230 0.043089
0.003094 0.010644
0.008195 0.020146
0.013496 0.042852
0.005863 0.009387
0.015383 0.032551
0.006803 0.004132
0.004764 0.024745
0.005050 0.024414
0.000212 -0.002381
0.004299 0.009031
0.002798 0.042246
0.000000 0.038493
0.004241 0.026885
0.023557 0.029536
0.008255 0.016355
0.011501 0.035546
0.021200 0.037780
0.007367 0.016451
0.006335 0.002926
0.004453 0.042770
0.006039 -0.014322
0.006952 0.029776
0.025731 0.040311
0.026571 0.061199
0.011351 0.022969
0.022119 0.035442
0.010574 0.000343
0.015568 0.008866
0.029363 0.037920
0.008679 0.010271
0.016571 -0.006072
0.009894 0.004062
0.040768 0.053371
0.013269 0.066516
0.013658 0.033917
0.013664 0.043185
0.003537 -0.017728
0.006036 0.044393
0.015159 0.020581
0.004825 -0.035237
0.020925 0.052996
0.013870 0.025793
0.012090 -0.002674
0.024961 0.022366
0.009060 0.038159
0.008208 0.012348
0.012525 0.024209
0.008166 0.024813
0.013722 -0.005681
0.007549 -0.011611
0.043279 0.020656
0.004115 0.006345
0.006140 -0.001563
0.015294 0.020985
0.009637 -0.018510
0.006215 0.009894
0.003645 0.031747
0.036175 -0.010956
0.017726 0.007876
0.008578 0.023077
0.031558 0.053469
0.010745 0.039552
0.011490 0.021903
0.008044 0.048421
0.002146 0.043385
0.007470 0.050408
0.009344 0.028348
0.008102 0.019527
0.006046 0.052275
0.005332 0.006708
0.008743 -0.049028
0.030089 -0.010017
0.010011 0.104692
0.007399 0.047904
0.002212 0.010638
0.004582 0.074686
0.003258 -0.013511
0.000632 0.024933
0.000000 0.028643
0.000959 0.035231
0.010325 0.017263
0.003150 0.013357
0.000864 0.048113
0.000000 0.067507
0.000210 -0.024534
0.002215 0.056788
0.003038 0.010290
0.014956 0.001631
0.028165 0.037261
0.008079 -0.016561
0.002714 0.061053
0.005620 0.041899
0.029290 0.013479
0.009507 -0.051827
0.032194 -0.004857
0.025362 0.054696
0.021671 0.029792
0.006986 -0.011427
0.012503 0.002360
0.008870 0.003141
0.038033 -0.007681
0.027519 -0.000471
0.017260 -0.017587
0.008592 0.011532
0.000000 -0.022282
0.002082 -0.008588
0.006305 -0.001303
0.057445 0.020896
0.006886 0.016671
0.004429 0.016017
0.000331 0.004662
0.008292 0.019905
0.012146 0.004977
0.014541 0.033256
0.014779 -0.017787
0.059044 0.049598
0.037791 -0.043772
0.082083 0.029141
0.048986 0.041137
0.017841 0.058648
0.274667 0.019703
0.075679 0.094190
0.064176 0.199093
0.008876 0.059433
0.011698 0.011398
0.008494 0.032408
0.028662 0.073016
0.002049 0.010911
0.003919 0.039011
0.001023 0.031158
0.006661 0.013256
0.019450 0.030726
0.049487 0.022633
0.008691 0.036739
0.020018 0.015250
0.081012 0.056478
0.060742 0.088032
0.009716 -0.007097
0.001172 0.020784
0.039436 0.018990
0.005115 -0.037232
0.035323 0.024183
0.026805 0.072261
0.028807 0.041269
0.045751 0.005543
0.014272 0.118348
0.108885 0.006141
0.026493 0.055925
0.005476 0.048332
0.014471 -0.012863
0.003343 0.011552
0.008884 0.001170
0.012138 -0.018516
0.007468 0.023670
0.001227 -0.016516
0.020318 -0.009563
0.005572 0.026097
0.023907 0.021601
0.009032 0.007813
0.017348 0.012530
0.056260 0.001897
0.026681 0.051203
0.004395 0.018084
0.008066 0.059803
0.036348 0.063112
0.036675 0.222707
0.053138 0.001718
0.007954 -0.012019
0.040768 -0.062144
0.063089 -0.031584
0.005097 0.023901
0.038440 0.026773
0.010078 0.009912
0.028542 0.000275
0.005352 0.018434
0.004584 0.059255
0.007406 0.022406
0.007718 0.039389
0.013739 0.020425
0.019999 0.051753
0.012425 0.026023
0.042904 0.043617
0.025778 0.050044
0.020601 0.012990
0.021825 0.022041
0.025613 0.039063
0.019281 -0.006335
0.014874 0.028009
0.000912 0.027416
0.004011 0.028576
0.004302 0.048391
0.009873 0.058806
0.017490 0.034687
0.005651 -0.020913
0.016166 0.020179
0.012956 0.014869
0.017555 0.040014
0.008736 -0.031788
0.048081 0.029909
0.003617 0.065560
0.054151 0.017740
0.056133 0.028340
0.016841 0.043109
0.008890 0.024649
0.025622 0.022716
0.013834 -0.008023
0.028279 0.044378
0.033582 0.116954
0.015538 0.013836
0.004953 0.021580
0.008623 0.033628
0.006327 0.043215
0.002619 0.010629
0.004762 -0.014501
0.000322 -0.027039
0.000101 0.025730
0.001526 0.041497
0.015139 -0.009761
0.001322 0.024413
0.032317 -0.017478
0.008096 -0.027423
0.005100 -0.006412
0.010938 0.068022
0.004258 0.031342
0.002378 0.028590
0.009619 0.014371
0.011600 0.014001
0.007601 0.018947
0.015647 0.020983
0.026507 -0.054002
0.006099 0.027259
0.018235 0.018838
0.015371 0.103499
0.024550 0.027822
0.017888 0.023154
0.004514 0.013751
0.007366 -0.003719
0.007318 -0.016813
0.009252 0.020865
0.018114 0.005713
0.011052 0.037988
0.007420 0.015643
0.009636 -0.029885
0.012208 0.037814
0.011516 -0.009680
0.022510 -0.005481
0.000407 0.115400
0.000145 0.019300
0.008670 0.020164
0.004844 0.019817
0.016611 0.030980
0.003471 -0.005493
0.009569 0.028054
0.001444 0.031723
0.001825 -0.006889
0.008605 0.022932
0.005812 0.013296
0.005095 0.030209
0.013409 0.062292
0.009143 -0.006481
0.014939 0.029116
0.029416 0.040620
0.024877 0.017006
0.003718 0.031533
0.021943 0.023812
0.008018 0.025526
0.003897 0.017461
0.009987 0.022211
0.014762 0.033080
0.012411 0.021669
0.029372 0.005775
0.012970 -0.003537
0.010251 0.053475
0.002873 0.021786
0.010562 0.003983
0.024639 -0.033848
0.019083 0.010576
0.012866 0.000235
0.017166 0.019057
0.014138 0.004266
0.049004 0.003893
0.032698 0.020272
0.033290 0.034199
0.056801 0.026337
0.003796 0.011496
0.016274 0.046384
0.035543 0.043447
0.004822 0.006406
0.005262 0.026669
0.004484 0.029325
0.007718 0.003290
0.001517 0.006101
0.002179 -0.008071
0.007886 0.022026
0.010407 0.024701
0.007889 0.009547
0.016762 0.028192
0.004146 0.010374
0.002552 0.056495
0.036391 0.030333
0.016822 0.025131
0.006727 0.045385
0.010724 0.018327
0.019159 -0.013612
0.050647 0.046036
0.042990 0.030680
0.034542 0.051231
0.060432 0.005656
0.019604 0.026718
0.005206 -0.004213
0.008512 0.018564
0.141500 0.036694
0.017748 -0.007911
0.039336 0.031580
0.001439 0.026925
0.022983 0.038419
0.000000 0.020558
0.014079 -0.009469
0.008105 0.038924
0.043385 0.007587
0.015199 -0.008565
0.122802 0.059212
0.049798 0.071809
0.022413 -0.003126
0.019144 0.111752
0.013797 0.025981
0.019201 0.013669
0.017876 0.055470
0.003091 0.056426
0.015212 0.028328
0.026811 0.022439
0.040127 0.008603
0.008410 0.083918
0.016405 0.039336
0.016060 0.010416
0.015837 0.016584
0.002763 0.011784
0.003994 -0.001583
0.010227 0.009192
0.009462 0.003969
0.027737 0.000374
0.008806 0.030358
0.005109 0.021857
0.003258 0.006026
0.007493 0.022687
0.000618 0.044940
0.004119 -0.017140
0.013384 0.032645
0.009252 0.022936
0.001901 0.015697
0.014825 0.034905
0.007868 0.007100
0.001194 -0.000117
0.002812 0.005322
0.000647 -0.002681
0.000000 -0.001042
0.000000 0.012835
0.002676 -0.018993
0.008852 -0.003588
0.021898 0.037137
0.027471 0.002566
0.003931 0.025672
0.009308 0.005467
0.000827 -0.006507
0.058483 -0.010084
0.015045 0.000458
0.007687 0.045006
0.009110 0.006209
0.015848 -0.019279
0.012926 0.037997
0.012861 -0.004071
0.002341 0.004981
0.015296 0.002549
0.059065 0.026167
0.009290 0.017331
0.007241 0.004328
0.011291 0.003830
0.001024 -0.000001
0.002534 0.012393
0.005431 0.014302
0.004567 0.026756
0.010540 0.000482
0.009382 0.012798
0.004399 -0.002254
0.001767 -0.007521
0.007638 0.008348
0.007960 0.003801
0.016300 0.018819
0.005628 -0.010782
0.007149 0.025980
0.013946 0.003926
0.008266 0.024881
0.004741 0.007465
0.009808 0.011971
0.041026 -0.002156
0.213850 0.043260
0.034491 0.051650
0.019480 0.028494
0.028383 0.034242
0.010475 0.030841
0.091439 -0.000844
0.009368 0.036993
0.035212 0.033789
0.054348 0.006692
0.047989 0.052674
0.032217 0.013797
0.038741 0.021242
0.043564 0.035440
0.005662 0.027132
0.008257 0.034964
0.007258 0.024050
0.000242 0.001565
0.000197 0.037692
0.015293 0.021090
0.033777 0.036436
0.054641 -0.005214
0.011156 0.041851
0.008709 0.040528
0.014214 0.013930
0.037201 0.032121
0.023992 0.077096
0.032031 0.017037
0.022104 0.032805
0.015712 0.012366
0.015426 0.025398
0.001398 0.006419
0.016372 0.007041
0.010682 -0.025994
0.043133 0.012217
0.010999 0.041862
0.025211 0.012579
0.008581 0.018637
0.067132 0.033565
0.024918 0.034503
0.012781 0.026303
0.026424 0.032446
0.044975 0.023122
0.048349 0.024412
0.030417 0.057240
0.020746 0.036234
0.023326 0.057180
0.025198 0.018409
0.018901 0.023093
0.020035 0.023861
0.044993 -0.001009
0.015823 0.038036
0.011694 0.029845
0.001195 0.014038
0.010842 0.019447
0.003913 0.031829
0.000735 0.006037
0.002223 0.004443
0.003880 0.004019
0.020302 0.010301
0.005528 0.021630
0.014796 0.009239
0.005484 0.021208
0.017815 0.010216
0.006689 0.014255
0.014655 0.013750
0.022091 0.029207
0.002324 0.015815
0.007109 0.015935
0.007611 0.014284
0.013175 0.034123
0.007521 0.012334
0.019957 0.022407
0.048210 0.031331
0.013796 0.023432
0.003717 0.012903
0.015251 0.009734
0.002962 0.020518
0.007928 0.016730
0.005945 0.010396
0.094140 0.004474
0.268149 0.013507
0.018800 0.051205
0.033967 0.029920
0.013692 0.019425
0.027474 0.051271
0.014927 0.053668
0.040062 0.002379
0.049636 0.015382
0.023941 0.014147
0.026046 0.006967
0.025543 0.012791
0.013612 0.011265
0.019766 0.043932
0.051407 0.002471
0.027947 0.039198
0.083962 0.029936
0.026458 0.015708
0.027433 0.044422
0.119044 -0.000568
0.047751 0.103543
0.043317 0.039707
0.039975 0.014836
0.024844 0.029391
0.049930 0.037378
0.028081 0.001960
0.042867 0.019675
0.069908 0.013111
0.030774 0.014513
0.046121 0.036642
0.039757 0.042934
0.023918 0.069456
0.014973 0.028082
0.013572 0.020709
0.036995 0.022800
0.026153 0.042150
0.018236 0.020554
0.032965 0.025998
0.047967 0.056605
0.033230 0.022422
0.046308 0.009081
0.015784 0.042846
0.018331 0.038763
0.014508 0.022900
0.016230 0.026429
0.010915 0.050647
0.041838 0.005411
0.037853 0.028630
0.017044 0.035676
0.036633 0.015689
0.010443 0.035167
0.002830 0.030165
0.016722 0.018965
0.014257 0.016055
0.013187 0.025008
0.022218 0.020913
0.030775 0.010917
0.006363 0.019760
0.030347 0.030942
0.007363 0.016884
0.003130 0.049815
0.010771 0.031138
0.008201 0.030344
0.011952 0.028266
0.025405 0.025866
0.038266 0.002123
0.017500 0.027867
0.005943 0.045185
0.019559 0.021545
0.036076 0.021132
0.023842 0.037253
0.010802 0.044543
0.009534 0.027098
0.001496 0.031227
0.017908 0.022525
0.114115 0.013347
0.084975 0.003081
0.007434 -0.002356
0.019326 0.029774
0.038446 0.020874
0.011510 0.050296
0.013602 0.027905
0.012447 0.014016
0.005236 0.031714
0.004734 0.021221
0.041966 0.028550
0.013629 0.039090
0.057798 0.028835
0.044285 0.023865
0.114760 0.039697
0.038253 0.070887
0.011541 0.035577
0.031810 0.016993
0.075376 0.024838
0.045664 0.049956
0.114534 0.025763
0.025337 -0.004044
0.066127 0.052492
0.076752 0.042857
0.053556 0.507405
0.044260 0.018142
0.050468 0.047221
0.016315 0.000473
0.015736 0.036807
0.027565 0.026905
0.016343 0.040736
0.034748 0.016275
0.033490 0.038917
0.008883 0.035002
0.026080 0.036439
0.043716 0.031903
0.024906 0.130850
0.038060 0.026480
0.046081 0.064671
0.028487 0.035776
0.012563 0.022659
0.038924 0.023281
0.060893 0.013711
0.026466 0.008125
0.064199 0.034517
0.050687 0.012513
0.055138 0.038413
0.183160 0.016502
0.055430 0.078374
0.070474 0.031660
0.024087 0.046714
0.008637 0.065965
0.030516 0.028010
0.032490 0.042944
0.035813 0.028526
0.024826 0.049645
0.029475 0.029081
0.013211 0.034832
0.013938 0.020796
0.032149 0.012213
0.078574 0.039261
0.018243 0.049774
0.018020 0.029373
0.013269 0.030518
0.012940 0.015952
0.012821 0.048042
0.011518 0.006751
0.022394 0.046323
0.052268 0.029969
0.030462 0.059387
0.035366 0.047425
0.067759 0.027441
0.038749 0.063876
0.035089 0.038695
0.016075 0.009684
0.013788 -0.024441
0.043589 0.006777
0.111159 0.050067
0.052518 0.057949
0.046681 0.074364
0.028207 0.015946
0.059088 0.033070
0.068754 0.013905
0.070602 0.041585
0.068388 0.006108
0.062024 0.011815
0.046902 0.014044
0.027869 0.064525
0.049320 0.042270
0.020347 0.040348
0.021332 0.019462
0.057343 0.037238
0.122319 0.036574
0.021431 0.040534
0.027002 0.046846
0.051856 0.047215
0.055297 0.065065
0.072995 0.010742
0.015673 0.066537
0.027453 0.033823
0.038922 0.060939
0.026485 0.064683
0.114949 0.027371
0.066468 -0.013024
0.029535 0.046382
0.016071 0.041805
0.022634 0.017019
0.034891 0.030182
0.017179 0.039176
0.033112 0.017814
0.044472 0.030815
0.030194 0.070674
0.038953 0.036132
0.026673 0.019722
0.013026 0.032523
0.051120 0.060408
0.008316 0.052953
0.102260 0.068099
0.030755 0.062900
0.066338 0.056229
0.039304 0.081173
0.025637 0.028275
0.014283 0.043540
0.029315 0.039795
0.046632 0.033870
0.109023 0.030990
0.051523 0.040756
0.034767 0.038745
0.028483 0.045281
0.025827 0.043754
0.043143 0.035567
0.101399 0.003732
0.080015 0.145735
0.247981 0.028554
0.106651 0.015180
0.080313 0.060778
0.415903 0.089810
0.171989 0.010659
0.136144 0.104138
0.153663 0.086075
0.282710 -0.029610
0.191514 0.162842
0.143403 0.092495
0.051527 0.125066
0.034478 0.081360
0.017207 0.020475
0.023677 0.075565
0.038742 0.053600
0.081043 0.109543
0.074712 0.065006
0.047949 0.075561
0.024406 0.041163
0.018170 0.042241
0.008431 0.041200
0.040491 0.036779
0.028678 0.031362
0.113179 0.024733
0.097336 0.372067
0.101616 1.151258
0.108051 1.783744
0.073115 0.039105
0.072640 0.043123
0.044615 0.256195
0.041255 0.033371
0.038895 0.241039
0.001834 -0.017903
0.000000 0.130936
0.000000 0.081736
0.000000 0.013361
0.018776 0.033550
0.013372 0.027562
0.023426 0.050715
0.041744 0.054990
0.034167 0.076265
0.021096 0.007893
0.022505 0.032252
0.012117 0.045294
0.056782 0.034111
0.013264 0.036470
0.048088 0.040742
0.019044 0.090962
0.026620 0.033947
0.010720 0.018346
0.015277 0.019497
0.011141 0.020327
0.008299 0.029947
0.032442 0.047054
0.013509 0.021106
0.021812 0.013735
0.001557 0.033526
0.038062 0.038800
0.015058 0.026531
0.027944 0.028760
0.060862 0.054539
0.037182 -0.015006
0.002154 0.036008
0.022875 0.038917
0.028307 0.036274
0.014382 0.043078
0.024279 0.044881
0.004833 0.024964
0.000000 0.046814
0.015558 0.019460
0.045060 0.024894
0.073691 0.036600
0.062125 0.045623
0.099240 0.041887
0.044464 0.057527
0.026016 0.055404
0.010599 0.052633
0.008137 0.043456
0.027489 0.034427
0.052483 0.064217
0.049681 0.040903
0.074163 0.031323
0.050492 0.063281
0.022190 0.051355
0.032950 0.012655
0.015064 0.104271
0.011338 0.019757
0.019169 0.006763
0.022167 0.040991
0.014514 0.023017
0.023550 0.009821
0.024200 0.023938
0.033066 0.028728
0.048710 0.026077
0.049249 0.036799
0.030036 0.042172
0.078540 0.045179
0.051383 0.001023
0.028432 0.047684
0.030319 0.044554
0.059268 0.032242
0.045653 0.028936
0.033170 0.035481
0.022769 0.040979
0.030374 0.023570
0.042895 0.039190
0.036773 0.019409
0.022649 0.078556
0.016529 0.011742
0.033213 0.022130
0.020323 0.027844
0.040209 0.005921
0.005038 0.058590
0.014779 0.035491
0.003273 0.018716
0.034856 0.016429
0.005310 0.034442
0.010734 0.006131
0.029792 0.023619
0.062080 0.042834
0.023475 0.042722
0.005718 0.015228
0.012136 0.027674
0.013123 0.004138
0.007458 0.024036
0.016624 0.048741
0.004392 0.013623
0.019848 0.022660
0.033595 0.001585
0.023279 -0.031891
0.026812 0.044826
0.061266 0.031496
0.096350 0.023182
0.110077 0.001026
0.052488 0.097851
0.062739 0.055084
0.057701 0.053253
0.054019 0.059723
0.028704 0.082897
0.029922 0.011898
0.001320 0.039224
0.037002 0.013340
0.017111 0.038582
0.014080 0.020429
0.015033 -0.001798
0.142588 0.016444
0.027301 0.054405
0.030369 0.031958
0.018777 0.039753
0.026537 0.013972
0.023448 0.027039
0.037114 0.021585
0.007764 0.040273
0.020320 0.027926
0.021542 0.051140
0.027847 0.018230
0.022912 0.013559
0.053685 0.037171
0.038121 0.047420
0.051272 0.024567
0.022568 0.063946
0.012805 -0.000978
0.058112 0.044924
0.021158 0.037023
0.015142 0.046688
0.037228 0.023210
0.019003 0.014714
0.057396 0.035690
0.024227 0.045022
0.021672 -0.012924
0.016021 0.049400
0.033691 0.050511
0.039306 0.015179
0.013712 0.014176
0.009693 0.032787
0.020584 0.016300
0.023473 0.004793
0.009274 0.039116
0.009837 0.003301
0.023999 0.012646
0.006031 0.008959
0.002167 0.044788
0.001937 0.034737
0.019823 0.021522
0.026272 0.021660
0.030299 0.040024
0.007363 0.028364
0.000000 0.033835
0.006656 0.007586
0.008126 0.008256
0.010190 0.023692
0.008409 0.015410
0.041497 0.033041
0.010842 0.052687
0.005881 0.031946
0.013378 0.027190
0.012848 0.005893
0.019508 0.010438
0.002362 0.037163
0.003570 0.003028
0.024737 0.019325
0.006163 0.037982
0.047882 0.026797
0.048108 0.080871
0.017112 0.038933
0.009638 0.035396
0.007609 0.047313
0.032729 0.027674
0.009455 0.030940
0.006267 0.030434
0.108530 0.039253
0.035591 -0.043165
0.007568 0.057760
0.004783 0.031157
0.007727 0.020445
0.040299 0.021977
0.023819 0.071397
0.030040 -0.000595
0.019163 0.032862
0.024956 0.016433
0.031836 0.051118
0.012851 0.017585
0.006780 0.009162
0.025772 0.030684
0.009100 0.012329
0.044576 0.015768
0.074252 0.070690
0.005139 0.019496
0.010061 0.027665
0.018944 0.021255
0.026805 -0.004123
0.013160 0.098307
0.014081 0.015383
0.027853 0.081039
0.033949 -0.021287
0.035734 -0.005983
0.049027 0.018427
0.033128 0.045864
0.068467 0.025102
0.048237 0.017494
0.103655 0.048316
0.071884 0.048990
0.016002 0.080495
0.021152 0.064349
0.001473 0.041576
0.002588 0.022241
0.011769 0.021741
0.026185 0.030294
0.009359 0.028239
0.023223 0.038654
0.041098 0.013120
0.014739 0.028055
0.018287 0.012606
0.009827 0.044625
0.025808 0.041749
0.006970 0.042572
0.003572 0.029443
0.027572 0.022897
0.031269 0.062046
0.013972 0.039278
0.045230 0.026373
0.008315 0.042231
0.014622 0.034883
0.018560 0.002098
0.041052 -0.005247
0.040957 0.015221
0.038477 0.041040
0.024225 0.031578
0.046189 0.038917
0.039137 0.019770
0.002878 0.022705
0.013885 0.021576
0.018485 0.049368
0.002473 0.029164
0.002928 0.020549
0.050011 0.005418
0.026921 0.041007
0.038834 0.034588
0.029603 0.058604
0.015857 0.036390
0.024052 0.011873
0.020160 0.020983
0.026988 0.017270
0.048069 0.032526
0.003283 0.030563
0.017574 0.021091
0.022239 0.009583
0.042136 0.016566
0.007164 0.029607
0.017232 0.004768
0.040377 0.048934
0.021185 0.037179
0.015405 0.038461
0.028839 0.026977
0.061591 -0.001438
0.002013 0.011622
0.009647 0.020810
0.019166 0.042206
0.008837 0.011829
0.023541 -0.000960
0.006348 0.004679
0.001273 0.021107
0.026699 0.014779
0.044362 0.015880
0.035469 0.052673
0.056161 0.041642
0.013778 0.036029
0.013073 0.027010
0.015672 0.040539
0.182820 0.012743
0.116421 0.026768
0.098986 0.044206
0.082012 0.019521
0.007286 0.062890
0.010249 0.033777
0.095140 0.046762
0.171855 0.045046
0.073251 0.123602
0.074922 0.048847
0.075181 0.077203
0.040935 0.054760
0.031369 0.070065
0.053384 0.052462
0.033543 0.017502
0.050032 0.048018
0.097799 -0.005908
0.053728 0.003097
0.103933 0.077979
0.151762 0.162176
0.059145 0.074453
0.051980 0.066116
0.048169 0.046060
0.166088 -0.014741
0.076293 0.103115
0.040408 0.057828
0.056161 0.051603
0.067711 0.097998
0.030095 0.024771
0.064788 0.069446
0.047559 0.065382
0.029472 0.091830
0.011624 0.043602
0.050164 0.049694
0.049587 0.078332
0.094816 0.024391
0.069496 0.107301
0.046363 0.058873
0.027605 0.075145
0.041905 0.057165
0.044142 0.102758
0.029512 0.042069
0.022733 0.017546
0.036259 0.030953
0.067324 0.085661
0.025162 0.040343
0.033153 -0.003470
0.035345 0.066487
0.038066 0.009977
0.027545 0.049361
0.035555 0.045676
0.067183 0.053614
0.075921 0.052496
0.067834 0.071607
0.113621 0.096441
0.062879 0.090772
0.059258 0.012268
0.020092 0.104483
0.036299 0.058528
0.031204 0.080688
0.052069 0.037301
0.013256 0.051517
0.026261 0.022095
0.028315 0.039825
0.037756 0.043521
0.014217 0.032802
0.045199 0.046060
0.073246 0.052467
0.230674 0.099553
0.062036 0.076256
0.035858 0.058441
0.035059 0.054873
0.034866 0.031986
0.051639 0.046532
0.029586 -0.008152
0.033486 0.053072
0.071775 0.050630
0.045798 0.058370
0.017386 0.044712
0.003496 0.027349
0.024832 0.016199
0.031944 0.012424
0.036202 0.013363
0.013069 0.056612
0.023621 0.033416
0.016034 0.044162
0.013650 0.027499
0.016809 0.036598
0.011331 0.023305
0.026598 0.021398
0.002567 0.075783
0.011688 0.022303
0.021811 0.031894
0.009884 0.006856
0.085043 0.022780
0.011604 0.029353
0.031584 0.050507
0.209460 0.048536
0.199370 0.091463
0.251424 -0.048862
0.113204 0.039808
0.105911 0.081556
0.157636 0.099204
0.108613 0.043385
0.052741 0.089395
0.021310 0.074520
0.056346 0.050067
0.038009 0.052257
0.049769 0.047694
0.046508 0.041101
0.013116 0.024144
0.014618 0.049841
0.040089 0.044188
0.018189 0.027679
0.060919 0.030449
0.000000 0.038851
0.036234 0.046970
0.032400 0.074839
0.020531 0.029389
0.039240 0.025978
0.010190 0.044633
0.015462 0.027921
0.022961 0.051145
0.010270 0.054710
0.006433 0.034071
0.016750 0.014857
0.029138 0.026427
0.023017 0.035015
0.061778 0.036094
0.029496 0.044988
0.026996 0.028080
0.107139 0.077216
0.034557 0.026678
0.022507 0.037143
0.011107 0.028802
0.033729 0.027239
0.055895 0.038065
0.021760 0.014741
0.079416 0.043596
0.025562 0.030934
0.026114 0.029096
0.028136 -0.003838
0.035117 0.038320
0.023841 0.031446
0.037282 0.069337
0.029773 0.018360
0.087927 0.043737
0.009846 0.079241
0.036573 0.038937
0.022778 0.038193
0.068381 0.065337
0.033307 0.067209
0.007368 0.049126
0.030736 0.033206
0.019253 0.025974
0.034437 0.025394
0.017726 0.007382
0.051459 0.054052
0.029409 0.036691
0.012046 0.027819
0.111810 0.027814
0.040831 0.126343
0.029408 0.009576
0.022325 0.055106
0.068346 0.043656
0.047382 0.051470
0.044402 0.065574
0.042770 0.110341
0.038249 0.042750
0.012884 0.071318
0.060362 0.026570
0.052636 0.030076
0.148417 0.039864
0.085549 0.076388
0.059048 0.085205
0.035393 0.023994
0.028762 0.040279
0.037780 0.025138
0.035400 0.044545
0.043402 0.061909
0.021895 0.093992
0.026586 0.013975
0.036907 0.016243
0.046107 0.020307
0.056895 0.020183
0.022265 0.048868
0.043979 0.029030
0.043936 0.043396
0.061515 0.051169
0.043639 0.046393
0.064709 0.021034
0.054499 0.025604
0.047072 0.011391
0.029461 0.027811
0.062405 0.058853
0.123040 0.042247
0.061618 0.035793
0.046031 0.064633
0.025822 0.050338
0.061623 0.029470
0.025268 0.052068
0.002208 0.017001
0.023161 0.027228
0.038050 0.032438
0.024471 0.022167
0.072364 0.066989
0.023914 0.057433
0.030330 0.051875
0.056184 0.011496
0.013058 0.068731
0.020800 0.029023
0.027001 0.044061
0.028027 0.013776
0.013171 0.030670
0.032833 0.018288
0.023270 0.040757
0.014978 0.023856
0.025640 0.022950
0.029102 0.048646
0.026869 -0.000497
0.034699 0.032729
0.023479 0.027948
0.012864 0.007418
0.030740 0.061984
0.021070 0.015546
0.008775 0.023113
0.002689 0.023058
0.045035 0.002932
0.029901 0.044233
0.023827 0.031867
0.022465 0.014239
0.033543 0.021725
0.027607 0.001781
0.020330 0.015149
0.027623 0.046123
0.023905 0.078809
0.010678 0.016148
0.068151 0.015597
0.042451 0.020487
0.026303 0.040245
0.029302 0.063994
0.033141 0.039920
0.072423 0.039698
0.038286 0.050334
0.036664 0.027904
0.031552 0.041081
0.004994 0.041982
0.003795 0.021513
0.005637 0.017283
0.000387 0.021678
0.000000 0.011089
0.008070 0.012679
0.000563 0.024117
0.036182 -0.008733
0.020069 0.018556
0.000805 0.022336
0.003091 0.007089
0.000784 0.046773
0.023037 0.014201
0.003867 0.033774
0.000000 0.010763
0.024818 0.014740
0.059760 0.019456
0.043819 0.030852
0.046193 0.015318
0.023619 0.044607
0.024538 0.014194
0.029800 0.015941
0.022207 0.025285
0.021273 0.030506
0.003166 0.014906
0.021116 0.026054
0.005024 0.046164
0.019892 0.006678
0.031329 0.014024
0.023806 0.029155
0.018327 0.028082
0.011247 0.018054
0.033427 0.012211
0.005244 0.012373
0.014823 -0.000326
0.004500 0.023081
0.059677 0.015392
0.063011 0.007134
0.080812 0.071500
0.016257 0.024312
0.020108 0.019753
0.020033 0.024127
0.043557 0.016200
0.061546 0.031510
0.045361 0.056523
0.026194 0.058496
0.019632 0.027397
0.012629 0.023009
0.034076 0.030270
0.044110 0.033057
0.008667 0.062630
0.016934 0.036492
0.011189 0.020916
0.022753 0.007090
0.030692 0.044331
0.040489 0.019115
0.027174 0.029765
0.042151 0.021518
0.008101 0.060855
0.002684 0.025348
0.066878 0.013982
0.037593 0.051506
0.028037 0.038657
0.025317 0.022045
0.028077 0.015515
0.029203 0.013531
0.038119 0.032077
0.025397 0.040788
0.049533 0.017354
0.034660 0.063367
0.041832 0.047622
0.004918 0.016769
0.037324 0.031265
0.020569 0.023986
0.020988 0.042443
0.009281 0.030768
0.012009 0.021842
0.009410 0.010810
0.008723 0.010294
0.039595 0.002428
0.043417 0.034412
0.014612 0.035308
0.021005 0.007484
0.016257 0.019451
0.024273 0.030908
0.075023 0.017286
0.033023 0.037875
0.019672 0.052210
0.006767 0.035944
0.030998 0.002334
0.010105 0.033165
0.030510 0.036264
0.031991 0.031887
0.023199 0.033554
0.025530 0.024136
0.012767 0.021656
0.007798 0.007451
0.013707 0.033792
0.012108 0.010141
0.017785 0.010963
0.017342 0.008959
0.000194 0.047422
